	  0.000	  8.460
          0.004	  8.592
          0.008	  8.352
          0.012	  8.152
          0.016	  8.340
          0.020	  8.528
          0.024	  8.312
          0.028	  8.084
          0.032	  8.248
          0.036	  8.444
          0.040	  8.308
          0.044	  8.084
          0.048	  8.184
          0.052	  8.420
          0.056	  8.340
          0.060	  8.100
          0.064	  8.132
          0.068	  8.356
          0.072	  8.380
          0.076	  8.136
          0.080	  8.060
          0.084	  8.316
          0.088	  8.448
          0.092	  8.180
          0.096	  8.052
          0.100	  8.280
          0.104	  8.428
          0.108	  8.196
          0.112	  8.036
          0.116	  8.268
          0.120	  8.452
          0.124	  8.280
          0.128	  8.052
          0.132	  8.220
          0.136	  8.448
          0.140	  8.300
          0.144	  8.084
          0.148	  8.176
          0.152	  8.400
          0.156	  8.376
          0.160	  8.132
          0.164	  8.160
          0.168	  8.424
          0.172	  8.440
          0.176	  8.172
          0.180	  8.116
          0.184	  8.368
          0.188	  8.476
          0.192	  8.244
          0.196	  8.108
          0.200	  8.328
          0.204	  8.488
          0.208	  8.268
          0.212	  8.092
          0.216	  8.264
          0.220	  8.492
          0.224	  8.292
          0.228	  8.112
          0.232	  8.252
          0.236	  8.468
          0.240	  8.312
          0.244	  8.096
          0.248	  8.196
          0.252	  8.456
          0.256	  8.376
          0.260	  8.156
          0.264	  8.168
          0.268	  8.412
          0.272	  8.424
          0.276	  8.176
          0.280	  8.100
          0.284	  8.372
          0.288	  8.464
          0.292	  8.212
          0.296	  8.076
          0.300	  8.316
          0.304	  8.468
          0.308	  8.236
          0.312	  8.064
          0.316	  8.272
          0.320	  8.480
          0.324	  8.304
          0.328	  8.120
          0.332	  8.252
          0.336	  8.464
          0.340	  8.324
          0.344	  8.096
          0.348	  8.164
          0.352	  8.404
          0.356	  8.368
          0.360	  8.144
          0.364	  8.144
          0.368	  8.376
          0.372	  8.412
          0.376	  8.160
          0.380	  8.068
          0.384	  8.332
          0.388	  8.444
          0.392	  8.216
          0.396	  8.080
          0.400	  8.308
          0.404	  8.472
          0.408	  8.248
          0.412	  8.080
          0.416	  8.304
          0.420	  8.480
          0.424	  8.296
          0.428	  8.080
          0.432	  8.252
          0.436	  8.484
          0.440	  8.336
          0.444	  8.084
          0.448	  8.172
          0.452	  8.460
          0.456	  8.436
          0.460	  8.216
          0.464	  8.216
          0.468	  8.496
          0.472	  8.528
          0.476	  8.288
          0.480	  8.220
          0.484	  8.452
          0.488	  8.588
          0.492	  8.336
          0.496	  8.240
          0.500	  8.464
          0.504	  8.636
          0.508	  8.380
          0.512	  8.196
          0.516	  8.392
          0.520	  8.580
          0.524	  8.436
          0.528	  8.212
          0.532	  8.380
          0.536	  8.560
          0.540	  8.436
          0.544	  8.168
          0.548	  8.208
          0.552	  8.392
          0.556	  8.348
          0.560	  8.088
          0.564	  8.108
          0.568	  8.376
          0.572	  8.396
          0.576	  8.156
          0.580	  8.080
          0.584	  8.312
          0.588	  8.432
          0.592	  8.180
          0.596	  8.052
          0.600	  8.288
          0.604	  8.428
          0.608	  8.216
          0.612	  8.032
          0.616	  8.252
          0.620	  8.448
          0.624	  8.268
          0.628	  7.976
          0.632	  8.040
          0.636	  8.320
          0.640	  8.328
          0.644	  8.284
          0.648	  8.840
          0.652	  9.652
          0.656	 10.136
          0.660	 10.076
          0.664	  9.592
          0.668	  9.200
          0.672	  9.008
          0.676	  8.640
          0.680	  8.460
          0.684	  8.612
          0.688	  8.620
          0.692	  8.316
          0.696	  8.176
          0.700	  8.396
          0.704	  8.564
          0.708	  8.308
          0.712	  8.116
          0.716	  8.320
          0.720	  8.500
          0.724	  8.320
          0.728	  8.064
          0.732	  8.256
          0.736	  8.476
          0.740	  8.344
          0.744	  8.128
          0.748	  8.192
          0.752	  8.448
          0.756	  8.404
          0.760	  8.148
          0.764	  8.160
          0.768	  8.396
          0.772	  8.460
          0.776	  8.200
          0.780	  8.148
          0.784	  8.380
          0.788	  8.484
          0.792	  8.244
          0.796	  8.124
          0.800	  8.344
          0.804	  8.492
          0.808	  8.304
          0.812	  8.108
          0.816	  8.320
          0.820	  8.504
          0.824	  8.332
          0.828	  8.108
          0.832	  8.252
          0.836	  8.480
          0.840	  8.388
          0.844	  8.172
          0.848	  8.236
          0.852	  8.476
          0.856	  8.464
          0.860	  8.212
          0.864	  8.196
          0.868	  8.472
          0.872	  8.528
          0.876	  8.268
          0.880	  8.212
          0.884	  8.452
          0.888	  8.608
          0.892	  8.380
          0.896	  8.236
          0.900	  8.480
          0.904	  8.668
          0.908	  8.472
          0.912	  8.284
          0.916	  8.504
          0.920	  8.724
          0.924	  8.580
          0.928	  8.376
          0.932	  8.528
          0.936	  8.796
          0.940	  8.700
          0.944	  8.500
          0.948	  8.568
          0.952	  8.828
          0.956	  8.796
          0.960	  8.572
          0.964	  8.556
          0.968	  8.796
          0.972	  8.852
          0.976	  8.572
          0.980	  8.464
          0.984	  8.664
          0.988	  8.748
          0.992	  8.500
          0.996	  8.332
          1.000	  8.500
          1.004	  8.640
          1.008	  8.416
          1.012	  8.216
          1.016	  8.412
          1.020	  8.612
          1.024	  8.396
          1.028	  8.180
          1.032	  8.316
          1.036	  8.552
          1.040	  8.408
          1.044	  8.172
          1.048	  8.236
          1.052	  8.500
          1.056	  8.460
          1.060	  8.228
          1.064	  8.220
          1.068	  8.440
          1.072	  8.480
          1.076	  8.256
          1.080	  8.160
          1.084	  8.416
          1.088	  8.532
          1.092	  8.292
          1.096	  8.172
          1.100	  8.408
          1.104	  8.556
          1.108	  8.340
          1.112	  8.128
          1.116	  8.344
          1.120	  8.580
          1.124	  8.372
          1.128	  8.172
          1.132	  8.328
          1.136	  8.544
          1.140	  8.456
          1.144	  8.224
          1.148	  8.284
          1.152	  8.520
          1.156	  8.484
          1.160	  8.232
          1.164	  8.220
          1.168	  8.496
          1.172	  8.552
          1.176	  8.308
          1.180	  8.192
          1.184	  8.428
          1.188	  8.596
          1.192	  8.332
          1.196	  8.192
          1.200	  8.408
          1.204	  8.588
          1.208	  8.380
          1.212	  8.192
          1.216	  8.388
          1.220	  8.580
          1.224	  8.388
          1.228	  8.192
          1.232	  8.324
          1.236	  8.564
          1.240	  8.456
          1.244	  8.224
          1.248	  8.268
          1.252	  8.516
          1.256	  8.496
          1.260	  8.244
          1.264	  8.264
          1.268	  8.492
          1.272	  8.548
          1.276	  8.300
          1.280	  8.204
          1.284	  8.416
          1.288	  8.532
          1.292	  8.336
          1.296	  8.192
          1.300	  8.424
          1.304	  8.572
          1.308	  8.368
          1.312	  8.176
          1.316	  8.340
          1.320	  8.564
          1.324	  8.428
          1.328	  8.188
          1.332	  8.328
          1.336	  8.568
          1.340	  8.428
          1.344	  8.164
          1.348	  8.268
          1.352	  8.508
          1.356	  8.496
          1.360	  8.248
          1.364	  8.228
          1.368	  8.480
          1.372	  8.532
          1.376	  8.260
          1.380	  8.188
          1.384	  8.412
          1.388	  8.536
          1.392	  8.316
          1.396	  8.208
          1.400	  8.416
          1.404	  8.576
          1.408	  8.344
          1.412	  8.164
          1.416	  8.324
          1.420	  8.568
          1.424	  8.404
          1.428	  8.192
          1.432	  8.336
          1.436	  8.548
          1.440	  8.436
          1.444	  8.240
          1.448	  8.324
          1.452	  8.568
          1.456	  8.564
          1.460	  8.336
          1.464	  8.352
          1.468	  8.600
          1.472	  8.656
          1.476	  8.412
          1.480	  8.340
          1.484	  8.588
          1.488	  8.716
          1.492	  8.484
          1.496	  8.312
          1.500	  8.568
          1.504	  8.724
          1.508	  8.508
          1.512	  8.288
          1.516	  8.496
          1.520	  8.692
          1.524	  8.516
          1.528	  8.280
          1.532	  8.416
          1.536	  8.624
          1.540	  8.496
          1.544	  8.228
          1.548	  8.264
          1.552	  8.480
          1.556	  8.488
          1.560	  8.244
          1.564	  8.188
          1.568	  8.452
          1.572	  8.524
          1.576	  8.288
          1.580	  8.188
          1.584	  8.392
          1.588	  8.520
          1.592	  8.280
          1.596	  8.140
          1.600	  8.384
          1.604	  8.576
          1.608	  8.344
          1.612	  8.136
          1.616	  8.328
          1.620	  8.516
          1.624	  8.252
          1.628	  7.992
          1.632	  8.188
          1.636	  8.568
          1.640	  8.812
          1.644	  9.124
          1.648	  9.684
          1.652	 10.356
          1.656	 10.232
          1.660	  9.324
          1.664	  8.852
          1.668	  8.952
          1.672	  8.928
          1.676	  8.612
          1.680	  8.444
          1.684	  8.588
          1.688	  8.652
          1.692	  8.388
          1.696	  8.240
          1.700	  8.472
          1.704	  8.652
          1.708	  8.396
          1.712	  8.196
          1.716	  8.400
          1.720	  8.592
          1.724	  8.448
          1.728	  8.220
          1.732	  8.336
          1.736	  8.556
          1.740	  8.480
          1.744	  8.220
          1.748	  8.284
          1.752	  8.556
          1.756	  8.516
          1.760	  8.260
          1.764	  8.232
          1.768	  8.492
          1.772	  8.572
          1.776	  8.316
          1.780	  8.200
          1.784	  8.472
          1.788	  8.600
          1.792	  8.360
          1.796	  8.212
          1.800	  8.440
          1.804	  8.612
          1.808	  8.388
          1.812	  8.204
          1.816	  8.412
          1.820	  8.620
          1.824	  8.464
          1.828	  8.200
          1.832	  8.372
          1.836	  8.588
          1.840	  8.528
          1.844	  8.292
          1.848	  8.352
          1.852	  8.580
          1.856	  8.580
          1.860	  8.324
          1.864	  8.304
          1.868	  8.564
          1.872	  8.652
          1.876	  8.416
          1.880	  8.316
          1.884	  8.584
          1.888	  8.720
          1.892	  8.496
          1.896	  8.372
          1.900	  8.612
          1.904	  8.780
          1.908	  8.600
          1.912	  8.448
          1.916	  8.628
          1.920	  8.888
          1.924	  8.748
          1.928	  8.528
          1.932	  8.640
          1.936	  8.912
          1.940	  8.836
          1.944	  8.580
          1.948	  8.640
          1.952	  8.924
          1.956	  8.924
          1.960	  8.656
          1.964	  8.596
          1.968	  8.844
          1.972	  8.860
          1.976	  8.620
          1.980	  8.500
          1.984	  8.704
          1.988	  8.804
          1.992	  8.552
          1.996	  8.344
          2.000	  8.548
          2.004	  8.716
          2.008	  8.480
          2.012	  8.260
          2.016	  8.444
          2.020	  8.636
          2.024	  8.508
          2.028	  8.256
          2.032	  8.360
          2.036	  8.616
          2.040	  8.516
          2.044	  8.268
          2.048	  8.324
          2.052	  8.564
          2.056	  8.576
          2.060	  8.336
          2.064	  8.264
          2.068	  8.520
          2.072	  8.580
          2.076	  8.348
          2.080	  8.244
          2.084	  8.484
          2.088	  8.616
          2.092	  8.396
          2.096	  8.224
          2.100	  8.436
          2.104	  8.628
          2.108	  8.448
          2.112	  8.248
          2.116	  8.416
          2.120	  8.616
          2.124	  8.500
          2.128	  8.252
          2.132	  8.380
          2.136	  8.604
          2.140	  8.524
          2.144	  8.296
          2.148	  8.340
          2.152	  8.600
          2.156	  8.584
          2.160	  8.332
          2.164	  8.300
          2.168	  8.548
          2.172	  8.636
          2.176	  8.392
          2.180	  8.268
          2.184	  8.528
          2.188	  8.656
          2.192	  8.404
          2.196	  8.260
          2.200	  8.488
          2.204	  8.684
          2.208	  8.456
          2.212	  8.248
          2.216	  8.432
          2.220	  8.640
          2.224	  8.488
          2.228	  8.272
          2.232	  8.408
          2.236	  8.628
          2.240	  8.540
          2.244	  8.300
          2.248	  8.348
          2.252	  8.572
          2.256	  8.608
          2.260	  8.324
          2.264	  8.308
          2.268	  8.544
          2.272	  8.612
          2.276	  8.348
          2.280	  8.276
          2.284	  8.492
          2.288	  8.656
          2.292	  8.412
          2.296	  8.240
          2.300	  8.456
          2.304	  8.632
          2.308	  8.440
          2.312	  8.240
          2.316	  8.428
          2.320	  8.624
          2.324	  8.492
          2.328	  8.276
          2.332	  8.388
          2.336	  8.624
          2.340	  8.540
          2.344	  8.272
          2.348	  8.328
          2.352	  8.556
          2.356	  8.576
          2.360	  8.336
          2.364	  8.312
          2.368	  8.548
          2.372	  8.620
          2.376	  8.336
          2.380	  8.232
          2.384	  8.476
          2.388	  8.628
          2.392	  8.392
          2.396	  8.240
          2.400	  8.476
          2.404	  8.636
          2.408	  8.428
          2.412	  8.244
          2.416	  8.416
          2.420	  8.648
          2.424	  8.492
          2.428	  8.320
          2.432	  8.448
          2.436	  8.692
          2.440	  8.624
          2.444	  8.376
          2.448	  8.408
          2.452	  8.680
          2.456	  8.676
          2.460	  8.464
          2.464	  8.436
          2.468	  8.692
          2.472	  8.780
          2.476	  8.544
          2.480	  8.416
          2.484	  8.648
          2.488	  8.764
          2.492	  8.520
          2.496	  8.348
          2.500	  8.600
          2.504	  8.748
          2.508	  8.548
          2.512	  8.336
          2.516	  8.480
          2.520	  8.660
          2.524	  8.464
          2.528	  8.236
          2.532	  8.332
          2.536	  8.556
          2.540	  8.488
          2.544	  8.260
          2.548	  8.300
          2.552	  8.524
          2.556	  8.520
          2.560	  8.272
          2.564	  8.252
          2.568	  8.488
          2.572	  8.552
          2.576	  8.332
          2.580	  8.220
          2.584	  8.444
          2.588	  8.596
          2.592	  8.368
          2.596	  8.188
          2.600	  8.400
          2.604	  8.500
          2.608	  8.240
          2.612	  8.124
          2.616	  8.428
          2.620	  8.924
          2.624	  9.264
          2.628	  9.584
          2.632	 10.188
          2.636	 10.284
          2.640	  9.564
          2.644	  8.844
          2.648	  8.784
          2.652	  8.936
          2.656	  8.880
          2.660	  8.540
          2.664	  8.416
          2.668	  8.596
          2.672	  8.676
          2.676	  8.432
          2.680	  8.328
          2.684	  8.532
          2.688	  8.660
          2.692	  8.444
          2.696	  8.264
          2.700	  8.444
          2.704	  8.640
          2.708	  8.440
          2.712	  8.236
          2.716	  8.396
          2.720	  8.656
          2.724	  8.468
          2.728	  8.232
          2.732	  8.360
          2.736	  8.592
          2.740	  8.548
          2.744	  8.272
          2.748	  8.324
          2.752	  8.572
          2.756	  8.588
          2.760	  8.312
          2.764	  8.256
          2.768	  8.532
          2.772	  8.620
          2.776	  8.348
          2.780	  8.272
          2.784	  8.492
          2.788	  8.676
          2.792	  8.428
          2.796	  8.260
          2.800	  8.464
          2.804	  8.672
          2.808	  8.464
          2.812	  8.276
          2.816	  8.448
          2.820	  8.668
          2.824	  8.524
          2.828	  8.328
          2.832	  8.416
          2.836	  8.656
          2.840	  8.608
          2.844	  8.384
          2.848	  8.416
          2.852	  8.672
          2.856	  8.680
          2.860	  8.460
          2.864	  8.376
          2.868	  8.660
          2.872	  8.752
          2.876	  8.528
          2.880	  8.456
          2.884	  8.700
          2.888	  8.844
          2.892	  8.604
          2.896	  8.472
          2.900	  8.688
          2.904	  8.928
          2.908	  8.716
          2.912	  8.548
          2.916	  8.736
          2.920	  8.956
          2.924	  8.844
          2.928	  8.656
          2.932	  8.716
          2.936	  8.968
          2.940	  8.912
          2.944	  8.668
          2.948	  8.672
          2.952	  8.900
          2.956	  8.872
          2.960	  8.616
          2.964	  8.532
          2.968	  8.744
          2.972	  8.792
          2.976	  8.516
          2.980	  8.396
          2.984	  8.596
          2.988	  8.740
          2.992	  8.484
          2.996	  8.300
          3.000	  8.508
          3.004	  8.704
          3.008	  8.476
          3.012	  8.264
          3.016	  8.440
          3.020	  8.668
          3.024	  8.536
          3.028	  8.280
          3.032	  8.400
          3.036	  8.628
          3.040	  8.564
          3.044	  8.296
          3.048	  8.360
          3.052	  8.596
          3.056	  8.600
          3.060	  8.356
          3.064	  8.276
          3.068	  8.548
          3.072	  8.656
          3.076	  8.380
          3.080	  8.264
          3.084	  8.520
          3.088	  8.684
          3.092	  8.456
          3.096	  8.296
          3.100	  8.488
          3.104	  8.676
          3.108	  8.468
          3.112	  8.280
          3.116	  8.464
          3.120	  8.680
          3.124	  8.532
          3.128	  8.308
          3.132	  8.404
          3.136	  8.656
          3.140	  8.604
          3.144	  8.360
          3.148	  8.388
          3.152	  8.612
          3.156	  8.628
          3.160	  8.400
          3.164	  8.356
          3.168	  8.584
          3.172	  8.688
          3.176	  8.424
          3.180	  8.320
          3.184	  8.552
          3.188	  8.704
          3.192	  8.460
          3.196	  8.328
          3.200	  8.516
          3.204	  8.700
          3.208	  8.516
          3.212	  8.288
          3.216	  8.444
          3.220	  8.676
          3.224	  8.532
          3.228	  8.328
          3.232	  8.428
          3.236	  8.656
          3.240	  8.604
          3.244	  8.332
          3.248	  8.356
          3.252	  8.580
          3.256	  8.620
          3.260	  8.364
          3.264	  8.312
          3.268	  8.564
          3.272	  8.656
          3.276	  8.432
          3.280	  8.308
          3.284	  8.532
          3.288	  8.672
          3.292	  8.436
          3.296	  8.248
          3.300	  8.484
          3.304	  8.696
          3.308	  8.492
          3.312	  8.280
          3.316	  8.436
          3.320	  8.672
          3.324	  8.540
          3.328	  8.288
          3.332	  8.400
          3.336	  8.644
          3.340	  8.592
          3.344	  8.308
          3.348	  8.320
          3.352	  8.572
          3.356	  8.616
          3.360	  8.372
          3.364	  8.320
          3.368	  8.580
          3.372	  8.668
          3.376	  8.396
          3.380	  8.284
          3.384	  8.532
          3.388	  8.684
          3.392	  8.432
          3.396	  8.272
          3.400	  8.512
          3.404	  8.700
          3.408	  8.504
          3.412	  8.324
          3.416	  8.500
          3.420	  8.736
          3.424	  8.620
          3.428	  8.396
          3.432	  8.504
          3.436	  8.736
          3.440	  8.696
          3.444	  8.464
          3.448	  8.492
          3.452	  8.756
          3.456	  8.788
          3.460	  8.556
          3.464	  8.468
          3.468	  8.708
          3.472	  8.812
          3.476	  8.524
          3.480	  8.352
          3.484	  8.628
          3.488	  8.812
          3.492	  8.548
          3.496	  8.332
          3.500	  8.544
          3.504	  8.712
          3.508	  8.512
          3.512	  8.264
          3.516	  8.400
          3.520	  8.636
          3.524	  8.492
          3.528	  8.276
          3.532	  8.344
          3.536	  8.580
          3.540	  8.532
          3.544	  8.284
          3.548	  8.304
          3.552	  8.592
          3.556	  8.608
          3.560	  8.336
          3.564	  8.272
          3.568	  8.488
          3.572	  8.612
          3.576	  8.380
          3.580	  8.268
          3.584	  8.492
          3.588	  8.592
          3.592	  8.244
          3.596	  8.092
          3.600	  8.420
          3.604	  8.840
          3.608	  9.112
          3.612	  9.428
          3.616	 10.112
          3.620	 10.508
          3.624	  9.808
          3.628	  8.960
          3.632	  8.860
          3.636	  9.068
          3.640	  8.916
          3.644	  8.572
          3.648	  8.492
          3.652	  8.708
          3.656	  8.684
          3.660	  8.420
          3.664	  8.328
          3.668	  8.604
          3.672	  8.680
          3.676	  8.448
          3.680	  8.296
          3.684	  8.544
          3.688	  8.692
          3.692	  8.452
          3.696	  8.260
          3.700	  8.488
          3.704	  8.672
          3.708	  8.480
          3.712	  8.268
          3.716	  8.424
          3.720	  8.660
          3.724	  8.524
          3.728	  8.300
          3.732	  8.368
          3.736	  8.616
          3.740	  8.584
          3.744	  8.340
          3.748	  8.344
          3.752	  8.592
          3.756	  8.620
          3.760	  8.392
          3.764	  8.320
          3.768	  8.544
          3.772	  8.652
          3.776	  8.416
          3.780	  8.292
          3.784	  8.536
          3.788	  8.728
          3.792	  8.500
          3.796	  8.312
          3.800	  8.528
          3.804	  8.688
          3.808	  8.516
          3.812	  8.344
          3.816	  8.484
          3.820	  8.744
          3.824	  8.604
          3.828	  8.364
          3.832	  8.456
          3.836	  8.696
          3.840	  8.668
          3.844	  8.440
          3.848	  8.448
          3.852	  8.704
          3.856	  8.776
          3.860	  8.548
          3.864	  8.504
          3.868	  8.744
          3.872	  8.840
          3.876	  8.612
          3.880	  8.528
          3.884	  8.756
          3.888	  8.952
          3.892	  8.748
          3.896	  8.612
          3.900	  8.836
          3.904	  9.040
          3.908	  8.848
          3.912	  8.640
          3.916	  8.804
          3.920	  9.036
          3.924	  8.912
          3.928	  8.672
          3.932	  8.740
          3.936	  8.960
          3.940	  8.916
          3.944	  8.620
          3.948	  8.580
          3.952	  8.844
          3.956	  8.840
          3.960	  8.560
          3.964	  8.448
          3.968	  8.676
          3.972	  8.748
          3.976	  8.480
          3.980	  8.348
          3.984	  8.580
          3.988	  8.752
          3.992	  8.508
          3.996	  8.312
          4.000	  8.544
          4.004	  8.724
          4.008	  8.536
          4.012	  8.304
          4.016	  8.464
          4.020	  8.680
          4.024	  8.556
          4.028	  8.320
          4.032	  8.432
          4.036	  8.688
          4.040	  8.612
          4.044	  8.388
          4.048	  8.376
          4.052	  8.608
          4.056	  8.648
          4.060	  8.424
          4.064	  8.348
          4.068	  8.584
          4.072	  8.700
          4.076	  8.440
          4.080	  8.316
          4.084	  8.540
          4.088	  8.708
          4.092	  8.476
          4.096	  8.332
          4.100	  8.532
          4.104	  8.708
          4.108	  8.520
          4.112	  8.324
          4.116	  8.500
          4.120	  8.728
          4.124	  8.596
          4.128	  8.364
          4.132	  8.444
          4.136	  8.676
          4.140	  8.648
          4.144	  8.400
          4.148	  8.404
          4.152	  8.640
          4.156	  8.704
          4.160	  8.452
          4.164	  8.392
          4.168	  8.620
          4.172	  8.712
          4.176	  8.476
          4.180	  8.344
          4.184	  8.580
          4.188	  8.712
          4.192	  8.504
          4.196	  8.308
          4.200	  8.532
          4.204	  8.752
          4.208	  8.556
          4.212	  8.320
          4.216	  8.464
          4.220	  8.720
          4.224	  8.600
          4.228	  8.344
          4.232	  8.416
          4.236	  8.692
          4.240	  8.664
          4.244	  8.388
          4.248	  8.376
          4.252	  8.612
          4.256	  8.660
          4.260	  8.408
          4.264	  8.348
          4.268	  8.592
          4.272	  8.716
          4.276	  8.448
          4.280	  8.316
          4.284	  8.540
          4.288	  8.712
          4.292	  8.472
          4.296	  8.296
          4.300	  8.508
          4.304	  8.716
          4.308	  8.520
          4.312	  8.324
          4.316	  8.468
          4.320	  8.696
          4.324	  8.556
          4.328	  8.316
          4.332	  8.400
          4.336	  8.656
          4.340	  8.644
          4.344	  8.372
          4.348	  8.360
          4.352	  8.600
          4.356	  8.644
          4.360	  8.400
          4.364	  8.336
          4.368	  8.564
          4.372	  8.684
          4.376	  8.444
          4.380	  8.324
          4.384	  8.532
          4.388	  8.692
          4.392	  8.488
          4.396	  8.328
          4.400	  8.512
          4.404	  8.712
          4.408	  8.524
          4.412	  8.332
          4.416	  8.516
          4.420	  8.692
          4.424	  8.660
          4.428	  8.436
          4.432	  8.528
          4.436	  8.764
          4.440	  8.736
          4.444	  8.516
          4.448	  8.484
          4.452	  8.756
          4.456	  8.820
          4.460	  8.548
          4.464	  8.472
          4.468	  8.712
          4.472	  8.828
          4.476	  8.564
          4.480	  8.420
          4.484	  8.676
          4.488	  8.856
          4.492	  8.608
          4.496	  8.324
          4.500	  8.524
          4.504	  8.736
          4.508	  8.496
          4.512	  8.296
          4.516	  8.416
          4.520	  8.628
          4.524	  8.512
          4.528	  8.300
          4.532	  8.368
          4.536	  8.616
          4.540	  8.560
          4.544	  8.336
          4.548	  8.324
          4.552	  8.576
          4.556	  8.608
          4.560	  8.340
          4.564	  8.296
          4.568	  8.536
          4.572	  8.632
          4.576	  8.376
          4.580	  8.292
          4.584	  8.504
          4.588	  8.608
          4.592	  8.276
          4.596	  8.080
          4.600	  8.416
          4.604	  8.812
          4.608	  9.032
          4.612	  9.360
          4.616	 10.028
          4.620	 10.556
          4.624	  9.936
          4.628	  9.048
          4.632	  8.868
          4.636	  9.072
          4.640	  8.956
          4.644	  8.616
          4.648	  8.532
          4.652	  8.692
          4.656	  8.724
          4.660	  8.460
          4.664	  8.364
          4.668	  8.584
          4.672	  8.692
          4.676	  8.456
          4.680	  8.284
          4.684	  8.532
          4.688	  8.704
          4.692	  8.472
          4.696	  8.284
          4.700	  8.484
          4.704	  8.660
          4.708	  8.492
          4.712	  8.252
          4.716	  8.444
          4.720	  8.692
          4.724	  8.548
          4.728	  8.316
          4.732	  8.376
          4.736	  8.608
          4.740	  8.588
          4.744	  8.328
          4.748	  8.336
          4.752	  8.600
          4.756	  8.668
          4.760	  8.416
          4.764	  8.316
          4.768	  8.564
          4.772	  8.668
          4.776	  8.440
          4.780	  8.296
          4.784	  8.516
          4.788	  8.684
          4.792	  8.456
          4.796	  8.300
          4.800	  8.532
          4.804	  8.704
          4.808	  8.536
          4.812	  8.316
          4.816	  8.460
          4.820	  8.720
          4.824	  8.596
          4.828	  8.380
          4.832	  8.464
          4.836	  8.688
          4.840	  8.648
          4.844	  8.416
          4.848	  8.428
          4.852	  8.720
          4.856	  8.760
          4.860	  8.540
          4.864	  8.452
          4.868	  8.716
          4.872	  8.876
          4.876	  8.636
          4.880	  8.496
          4.884	  8.760
          4.888	  8.960
          4.892	  8.760
          4.896	  8.600
          4.900	  8.796
          4.904	  8.996
          4.908	  8.832
          4.912	  8.632
          4.916	  8.796
          4.920	  9.020
          4.924	  8.936
          4.928	  8.700
          4.932	  8.716
          4.936	  8.936
          4.940	  8.864
          4.944	  8.612
          4.948	  8.564
          4.952	  8.772
          4.956	  8.816
          4.960	  8.532
          4.964	  8.424
          4.968	  8.656
          4.972	  8.760
          4.976	  8.464
          4.980	  8.312
          4.984	  8.520
          4.988	  8.688
          4.992	  8.460
          4.996	  8.272
          5.000	  8.444
          5.004	  8.660
          5.008	  8.504
          5.012	  8.276
          5.016	  8.420
          5.020	  8.640
          5.024	  8.524
          5.028	  8.292
          5.032	  8.368
          5.036	  8.616
          5.040	  8.576
          5.044	  8.324
          5.048	  8.324
          5.052	  8.556
          5.056	  8.616
          5.060	  8.344
          5.064	  8.280
          5.068	  8.528
          5.072	  8.628
          5.076	  8.396
          5.080	  8.252
          5.084	  8.488
          5.088	  8.656
          5.092	  8.436
          5.096	  8.256
          5.100	  8.448
          5.104	  8.648
          5.108	  8.488
          5.112	  8.232
          5.116	  8.396
          5.120	  8.632
          5.124	  8.524
          5.128	  8.276
          5.132	  8.368
          5.136	  8.620
          5.140	  8.572
          5.144	  8.304
          5.148	  8.324
          5.152	  8.572
          5.156	  8.616
          5.160	  8.368
          5.164	  8.292
          5.168	  8.516
          5.172	  8.660
          5.176	  8.392
          5.180	  8.248
          5.184	  8.480
          5.188	  8.676
          5.192	  8.424
          5.196	  8.244
          5.200	  8.448
          5.204	  8.636
          5.208	  8.480
          5.212	  8.260
          5.216	  8.376
          5.220	  8.600
          5.224	  8.500
          5.228	  8.276
          5.232	  8.336
          5.236	  8.592
          5.240	  8.560
          5.244	  8.288
          5.248	  8.260
          5.252	  8.548
          5.256	  8.576
          5.260	  8.324
          5.264	  8.244
          5.268	  8.468
          5.272	  8.628
          5.276	  8.372
          5.280	  8.220
          5.284	  8.436
          5.288	  8.596
          5.292	  8.396
          5.296	  8.224
          5.300	  8.400
          5.304	  8.604
          5.308	  8.444
          5.312	  8.228
          5.316	  8.356
          5.320	  8.600
          5.324	  8.488
          5.328	  8.252
          5.332	  8.336
          5.336	  8.544
          5.340	  8.524
          5.344	  8.304
          5.348	  8.264
          5.352	  8.512
          5.356	  8.564
          5.360	  8.320
          5.364	  8.240
          5.368	  8.476
          5.372	  8.604
          5.376	  8.344
          5.380	  8.228
          5.384	  8.456
          5.388	  8.628
          5.392	  8.452
          5.396	  8.260
          5.400	  8.440
          5.404	  8.676
          5.408	  8.544
          5.412	  8.296
          5.416	  8.456
          5.420	  8.668
          5.424	  8.600
          5.428	  8.404
          5.432	  8.456
          5.436	  8.676
          5.440	  8.664
          5.444	  8.420
          5.448	  8.400
          5.452	  8.644
          5.456	  8.720
          5.460	  8.428
          5.464	  8.364
          5.468	  8.548
          5.472	  8.652
          5.476	  8.404
          5.480	  8.176
          5.484	  8.392
          5.488	  8.548
          5.492	  8.340
          5.496	  8.144
          5.500	  8.348
          5.504	  8.532
          5.508	  8.372
          5.512	  8.140
          5.516	  8.268
          5.520	  8.520
          5.524	  8.416
          5.528	  8.156
          5.532	  8.208
          5.536	  8.444
          5.540	  8.444
          5.544	  8.220
          5.548	  8.192
          5.552	  8.444
          5.556	  8.484
          5.560	  8.180
          5.564	  8.016
          5.568	  8.220
          5.572	  8.384
          5.576	  8.336
          5.580	  8.600
          5.584	  9.396
          5.588	 10.172
          5.592	 10.460
          5.596	 10.076
          5.600	  9.436
          5.604	  9.212
          5.608	  8.984
          5.612	  8.692
          5.616	  8.668
          5.620	  8.800
          5.624	  8.592
          5.628	  8.300
          5.632	  8.364
          5.636	  8.572
          5.640	  8.536
          5.644	  8.268
          5.648	  8.220
          5.652	  8.472
          5.656	  8.536
          5.660	  8.284
          5.664	  8.176
          5.668	  8.420
          5.672	  8.524
          5.676	  8.296
          5.680	  8.176
          5.684	  8.360
          5.688	  8.544
          5.692	  8.352
          5.696	  8.124
          5.700	  8.344
          5.704	  8.548
          5.708	  8.376
          5.712	  8.164
          5.716	  8.276
          5.720	  8.508
          5.724	  8.456
          5.728	  8.212
          5.732	  8.288
          5.736	  8.496
          5.740	  8.476
          5.744	  8.216
          5.748	  8.196
          5.752	  8.476
          5.756	  8.544
          5.760	  8.300
          5.764	  8.160
          5.768	  8.424
          5.772	  8.540
          5.776	  8.332
          5.780	  8.192
          5.784	  8.424
          5.788	  8.604
          5.792	  8.404
          5.796	  8.212
          5.800	  8.392
          5.804	  8.600
          5.808	  8.440
          5.812	  8.240
          5.816	  8.364
          5.820	  8.632
          5.824	  8.540
          5.828	  8.316
          5.832	  8.380
          5.836	  8.628
          5.840	  8.660
          5.844	  8.408
          5.848	  8.428
          5.852	  8.684
          5.856	  8.752
          5.860	  8.556
          5.864	  8.464
          5.868	  8.728
          5.872	  8.864
          5.876	  8.672
          5.880	  8.548
          5.884	  8.756
          5.888	  8.932
          5.892	  8.756
          5.896	  8.572
          5.900	  8.744
          5.904	  8.944
          5.908	  8.756
          5.912	  8.496
          5.916	  8.604
          5.920	  8.792
          5.924	  8.660
          5.928	  8.408
          5.932	  8.436
          5.936	  8.640
          5.940	  8.572
          5.944	  8.332
          5.948	  8.288
          5.952	  8.496
          5.956	  8.580
          5.960	  8.312
          5.964	  8.192
          5.968	  8.436
          5.972	  8.532
          5.976	  8.324
          5.980	  8.192
          5.984	  8.400
          5.988	  8.560
          5.992	  8.344
          5.996	  8.132
          6.000	  8.344
          6.004	  8.572
          6.008	  8.380
          6.012	  8.172
          6.016	  8.300
          6.020	  8.512
          6.024	  8.420
          6.028	  8.196
          6.032	  8.232
          6.036	  8.500
          6.040	  8.496
          6.044	  8.232
          6.048	  8.176
          6.052	  8.460
          6.056	  8.520
          6.060	  8.268
          6.064	  8.192
          6.068	  8.404
          6.072	  8.544
          6.076	  8.324
          6.080	  8.164
          6.084	  8.388
          6.088	  8.552
          6.092	  8.340
          6.096	  8.156
          6.100	  8.348
          6.104	  8.548
          6.108	  8.412
          6.112	  8.176
          6.116	  8.296
          6.120	  8.544
          6.124	  8.448
          6.128	  8.204
          6.132	  8.272
          6.136	  8.496
          6.140	  8.496
          6.144	  8.244
          6.148	  8.232
          6.152	  8.444
          6.156	  8.516
          6.160	  8.288
          6.164	  8.176
          6.168	  8.412
          6.172	  8.544
          6.176	  8.308
          6.180	  8.160
          6.184	  8.372
          6.188	  8.536
          6.192	  8.356
          6.196	  8.140
          6.200	  8.336
          6.204	  8.548
          6.208	  8.376
          6.212	  8.168
          6.216	  8.276
          6.220	  8.508
          6.224	  8.412
          6.228	  8.160
          6.232	  8.200
          6.236	  8.444
          6.240	  8.444
          6.244	  8.204
          6.248	  8.152
          6.252	  8.408
          6.256	  8.480
          6.260	  8.224
          6.264	  8.124
          6.268	  8.352
          6.272	  8.492
          6.276	  8.276
          6.280	  8.112
          6.284	  8.312
          6.288	  8.532
          6.292	  8.284
          6.296	  8.076
          6.300	  8.272
          6.304	  8.508
          6.308	  8.356
          6.312	  8.140
          6.316	  8.212
          6.320	  8.464
          6.324	  8.384
          6.328	  8.132
          6.332	  8.200
          6.336	  8.428
          6.340	  8.428
          6.344	  8.188
          6.348	  8.188
          6.352	  8.440
          6.356	  8.520
          6.360	  8.296
          6.364	  8.188
          6.368	  8.420
          6.372	  8.576
          6.376	  8.360
          6.380	  8.216
          6.384	  8.432
          6.388	  8.624
          6.392	  8.408
          6.396	  8.232
          6.400	  8.416
          6.404	  8.628
          6.408	  8.472
          6.412	  8.236
          6.416	  8.344
          6.420	  8.588
          6.424	  8.528
          6.428	  8.260
          6.432	  8.296
          6.436	  8.472
          6.440	  8.496
          6.444	  8.200
          6.448	  8.108
          6.452	  8.348
          6.456	  8.408
          6.460	  8.188
          6.464	  8.072
          6.468	  8.292
          6.472	  8.436
          6.476	  8.188
          6.480	  8.052
          6.484	  8.260
          6.488	  8.436
          6.492	  8.224
          6.496	  8.036
          6.500	  8.200
          6.504	  8.404
          6.508	  8.268
          6.512	  8.064
          6.516	  8.152
          6.520	  8.396
          6.524	  8.292
          6.528	  7.976
          6.532	  7.944
          6.536	  8.252
          6.540	  8.400
          6.544	  8.524
          6.548	  9.052
          6.552	  9.844
          6.556	 10.436
          6.560	 10.144
          6.564	  9.316
          6.568	  9.032
          6.572	  9.048
          6.576	  8.768
          6.580	  8.472
          6.584	  8.560
          6.588	  8.600
          6.592	  8.356
          6.596	  8.120
          6.600	  8.280
          6.604	  8.480
          6.608	  8.340
          6.612	  8.084
          6.616	  8.196
          6.620	  8.392
          6.624	  8.336
          6.628	  8.120
          6.632	  8.116
          6.636	  8.368
          6.640	  8.376
          6.644	  8.140
          6.648	  8.072
          6.652	  8.332
          6.656	  8.452
          6.660	  8.176
          6.664	  8.072
          6.668	  8.288
          6.672	  8.440
          6.676	  8.172
          6.680	  8.052
          6.684	  8.232
          6.688	  8.444
          6.692	  8.252
          6.696	  8.056
          6.700	  8.228
          6.704	  8.396
          6.708	  8.280
          6.712	  8.068
          6.716	  8.200
          6.720	  8.396
          6.724	  8.352
          6.728	  8.108
          6.732	  8.136
          6.736	  8.360
          6.740	  8.392
          6.744	  8.184
          6.748	  8.116
          6.752	  8.344
          6.756	  8.428
          6.760	  8.208
          6.764	  8.120
          6.768	  8.344
          6.772	  8.512
          6.776	  8.268
          6.780	  8.116
          6.784	  8.328
          6.788	  8.544
          6.792	  8.332
          6.796	  8.168
          6.800	  8.348
          6.804	  8.580
          6.808	  8.444
          6.812	  8.256
          6.816	  8.388
          6.820	  8.604
          6.824	  8.572
          6.828	  8.372
          6.832	  8.420
          6.836	  8.676
          6.840	  8.712
          6.844	  8.488
          6.848	  8.424
          6.852	  8.676
          6.856	  8.780
          6.860	  8.560
          6.864	  8.436
          6.868	  8.660
          6.872	  8.768
          6.876	  8.500
          6.880	  8.336
          6.884	  8.492
          6.888	  8.660
          6.892	  8.428
          6.896	  8.192
          6.900	  8.344
          6.904	  8.544
          6.908	  8.372
          6.912	  8.132
          6.916	  8.212
          6.920	  8.420
          6.924	  8.344
          6.928	  8.112
          6.932	  8.136
          6.936	  8.380
          6.940	  8.384
          6.944	  8.100
          6.948	  8.064
          6.952	  8.316
          6.956	  8.388
          6.960	  8.148
          6.964	  8.016
          6.968	  8.292
          6.972	  8.436
          6.976	  8.180
          6.980	  8.012
          6.984	  8.244
          6.988	  8.420
          6.992	  8.248
          6.996	  8.040
          7.000	  8.180
          7.004	  8.372
          7.008	  8.284
          7.012	  8.060
          7.016	  8.156
          7.020	  8.360
          7.024	  8.320
          7.028	  8.108
          7.032	  8.132
          7.036	  8.388
          7.040	  8.392
          7.044	  8.124
          7.048	  8.084
          7.052	  8.328
          7.056	  8.424
          7.060	  8.192
          7.064	  8.056
          7.068	  8.312
          7.072	  8.464
          7.076	  8.232
          7.080	  8.080
          7.084	  8.272
          7.088	  8.460
          7.092	  8.272
          7.096	  8.092
          7.100	  8.224
          7.104	  8.448
          7.108	  8.308
          7.112	  8.096
          7.116	  8.188
          7.120	  8.436
          7.124	  8.372
          7.128	  8.116
          7.132	  8.144
          7.136	  8.384
          7.140	  8.388
          7.144	  8.172
          7.148	  8.104
          7.152	  8.320
          7.156	  8.396
          7.160	  8.136
          7.164	  8.048
          7.168	  8.264
          7.172	  8.432
          7.176	  8.216
          7.180	  8.052
          7.184	  8.236
          7.188	  8.412
          7.192	  8.232
          7.196	  8.032
          7.200	  8.192
          7.204	  8.416
          7.208	  8.292
          7.212	  8.068
          7.216	  8.164
          7.220	  8.344
          7.224	  8.288
          7.228	  8.084
          7.232	  8.080
          7.236	  8.340
          7.240	  8.344
          7.244	  8.124
          7.248	  8.080
          7.252	  8.296
          7.256	  8.392
          7.260	  8.156
          7.264	  8.040
          7.268	  8.244
          7.272	  8.364
          7.276	  8.160
          7.280	  8.040
          7.284	  8.252
          7.288	  8.428
          7.292	  8.240
          7.296	  8.040
          7.300	  8.184
          7.304	  8.380
          7.308	  8.260
          7.312	  8.044
          7.316	  8.144
          7.320	  8.368
          7.324	  8.320
          7.328	  8.112
          7.332	  8.168
          7.336	  8.420
          7.340	  8.428
          7.344	  8.208
          7.348	  8.172
          7.352	  8.404
          7.356	  8.492
          7.360	  8.256
          7.364	  8.144
          7.368	  8.400
          7.372	  8.548
          7.376	  8.316
          7.380	  8.148
          7.384	  8.388
          7.388	  8.552
          7.392	  8.328
          7.396	  8.100
          7.400	  8.260
          7.404	  8.512
          7.408	  8.384
          7.412	  8.132
          7.416	  8.232
          7.420	  8.396
          7.424	  8.324
          7.428	  8.052
          7.432	  8.056
          7.436	  8.300
          7.440	  8.324
          7.444	  8.080
          7.448	  8.016
          7.452	  8.260
          7.456	  8.348
          7.460	  8.120
          7.464	  7.980
          7.468	  8.224
          7.472	  8.368
          7.476	  8.136
          7.480	  7.996
          7.484	  8.224
          7.488	  8.384
          7.492	  8.192
          7.496	  7.996
          7.500	  8.156
          7.504	  8.300
          7.508	  8.084
          7.512	  7.896
          7.516	  8.124
          7.520	  8.544
          7.524	  8.948
          7.528	  9.276
          7.532	  9.820
          7.536	 10.252
          7.540	  9.832
          7.544	  8.956
          7.548	  8.656
          7.552	  8.792
          7.556	  8.792
          7.560	  8.464
          7.564	  8.192
          7.568	  8.352
          7.572	  8.500
          7.576	  8.272
          7.580	  8.080
          7.584	  8.280
          7.588	  8.448
          7.592	  8.280
          7.596	  8.068
          7.600	  8.212
          7.604	  8.404
          7.608	  8.288
          7.612	  8.080
          7.616	  8.168
          7.620	  8.424
          7.624	  8.360
          7.628	  8.104
          7.632	  8.124
          7.636	  8.360
          7.640	  8.380
          7.644	  8.156
          7.648	  8.076
          7.652	  8.336
          7.656	  8.412
          7.660	  8.200
          7.664	  8.104
          7.668	  8.312
          7.672	  8.456
          7.676	  8.252
          7.680	  8.072
          7.684	  8.252
          7.688	  8.476
          7.692	  8.300
          7.696	  8.092
          7.700	  8.252
          7.704	  8.468
          7.708	  8.316
          7.712	  8.108
          7.716	  8.220
          7.720	  8.428
          7.724	  8.404
          7.728	  8.176
          7.732	  8.192
          7.736	  8.440
          7.740	  8.452
          7.744	  8.208
          7.748	  8.188
          7.752	  8.384
          7.756	  8.504
          7.760	  8.312
          7.764	  8.196
          7.768	  8.428
          7.772	  8.580
          7.776	  8.364
          7.780	  8.260
          7.784	  8.436
          7.788	  8.660
          7.792	  8.520
          7.796	  8.340
          7.800	  8.516
          7.804	  8.728
          7.808	  8.640
          7.812	  8.424
          7.816	  8.524
          7.820	  8.756
          7.824	  8.740
          7.828	  8.536
          7.832	  8.556
          7.836	  8.792
          7.840	  8.792
          7.844	  8.568
          7.848	  8.496
          7.852	  8.688
          7.856	  8.768
          7.860	  8.552
          7.864	  8.388
          7.868	  8.576
          7.872	  8.696
          7.876	  8.436
          7.880	  8.252
          7.884	  8.388
          7.888	  8.584
          7.892	  8.396
          7.896	  8.172
          7.900	  8.308
          7.904	  8.528
          7.908	  8.412
          7.912	  8.192
          7.916	  8.252
          7.920	  8.468
          7.924	  8.432
          7.928	  8.208
          7.932	  8.244
          7.936	  8.464
          7.940	  8.480
          7.944	  8.256
          7.948	  8.180
          7.952	  8.420
          7.956	  8.508
          7.960	  8.260
          7.964	  8.164
          7.968	  8.392
          7.972	  8.552
          7.976	  8.336
          7.980	  8.144
          7.984	  8.348
          7.988	  8.556
          7.992	  8.360
          7.996	  8.168
          8.000	  8.336
          8.004	  8.524
          8.008	  8.444
          8.012	  8.220
          8.016	  8.316
          8.020	  8.516
          8.024	  8.452
          8.028	  8.232
          8.032	  8.228
          8.036	  8.480
          8.040	  8.520
          8.044	  8.280
          8.048	  8.212
          8.052	  8.432
          8.056	  8.564
          8.060	  8.300
          8.064	  8.204
          8.068	  8.448
          8.072	  8.600
          8.076	  8.392
          8.080	  8.200
          8.084	  8.396
          8.088	  8.592
          8.092	  8.400
          8.096	  8.192
          8.100	  8.324
          8.104	  8.556
          8.108	  8.460
          8.112	  8.224
          8.116	  8.312
          8.120	  8.532
          8.124	  8.492
          8.128	  8.244
          8.132	  8.256
          8.136	  8.464
          8.140	  8.548
          8.144	  8.292
          8.148	  8.216
          8.152	  8.452
          8.156	  8.564
          8.160	  8.316
          8.164	  8.180
          8.168	  8.420
          8.172	  8.564
          8.176	  8.348
          8.180	  8.188
          8.184	  8.372
          8.188	  8.592
          8.192	  8.380
          8.196	  8.188
          8.200	  8.348
          8.204	  8.572
          8.208	  8.440
          8.212	  8.220
          8.216	  8.292
          8.220	  8.512
          8.224	  8.476
          8.228	  8.248
          8.232	  8.256
          8.236	  8.488
          8.240	  8.520
          8.244	  8.284
          8.248	  8.228
          8.252	  8.436
          8.256	  8.572
          8.260	  8.316
          8.264	  8.184
          8.268	  8.428
          8.272	  8.560
          8.276	  8.340
          8.280	  8.200
          8.284	  8.388
          8.288	  8.560
          8.292	  8.396
          8.296	  8.196
          8.300	  8.348
          8.304	  8.556
          8.308	  8.456
          8.312	  8.256
          8.316	  8.356
          8.320	  8.612
          8.324	  8.560
          8.328	  8.376
          8.332	  8.332
          8.336	  8.600
          8.340	  8.632
          8.344	  8.412
          8.348	  8.380
          8.352	  8.604
          8.356	  8.692
          8.360	  8.476
          8.364	  8.316
          8.368	  8.576
          8.372	  8.716
          8.376	  8.492
          8.380	  8.304
          8.384	  8.508
          8.388	  8.708
          8.392	  8.524
          8.396	  8.304
          8.400	  8.440
          8.404	  8.640
          8.408	  8.480
          8.412	  8.224
          8.416	  8.300
          8.420	  8.512
          8.424	  8.480
          8.428	  8.260
          8.432	  8.232
          8.436	  8.480
          8.440	  8.508
          8.444	  8.256
          8.448	  8.196
          8.452	  8.452
          8.456	  8.568
          8.460	  8.312
          8.464	  8.156
          8.468	  8.380
          8.472	  8.564
          8.476	  8.352
          8.480	  8.188
          8.484	  8.376
          8.488	  8.552
          8.492	  8.308
          8.496	  8.044
          8.500	  8.244
          8.504	  8.616
          8.508	  8.788
          8.512	  9.092
          8.516	  9.684
          8.520	 10.408
          8.524	 10.272
          8.528	  9.412
          8.532	  8.912
          8.536	  9.016
          8.540	  8.956
          8.544	  8.688
          8.548	  8.468
          8.552	  8.600
          8.556	  8.676
          8.560	  8.444
          8.564	  8.296
          8.568	  8.500
          8.572	  8.640
          8.576	  8.432
          8.580	  8.248
          8.584	  8.440
          8.588	  8.632
          8.592	  8.428
          8.596	  8.244
          8.600	  8.364
          8.604	  8.600
          8.608	  8.496
          8.612	  8.276
          8.616	  8.348
          8.620	  8.592
          8.624	  8.540
          8.628	  8.304
          8.632	  8.300
          8.636	  8.544
          8.640	  8.576
          8.644	  8.348
          8.648	  8.268
          8.652	  8.492
          8.656	  8.600
          8.660	  8.412
          8.664	  8.240
          8.668	  8.488
          8.672	  8.644
          8.676	  8.448
          8.680	  8.272
          8.684	  8.452
          8.688	  8.640
          8.692	  8.500
          8.696	  8.292
          8.700	  8.444
          8.704	  8.624
          8.708	  8.544
          8.712	  8.328
          8.716	  8.392
          8.720	  8.624
          8.724	  8.632
          8.728	  8.392
          8.732	  8.392
          8.736	  8.604
          8.740	  8.676
          8.744	  8.456
          8.748	  8.388
          8.752	  8.624
          8.756	  8.752
          8.760	  8.520
          8.764	  8.416
          8.768	  8.644
          8.772	  8.848
          8.776	  8.656
          8.780	  8.492
          8.784	  8.684
          8.788	  8.880
          8.792	  8.764
          8.796	  8.576
          8.800	  8.716
          8.804	  8.960
          8.808	  8.856
          8.812	  8.672
          8.816	  8.740
          8.820	  8.948
          8.824	  8.932
          8.828	  8.712
          8.832	  8.676
          8.836	  8.912
          8.840	  8.968
          8.844	  8.688
          8.848	  8.556
          8.852	  8.764
          8.856	  8.848
          8.860	  8.584
          8.864	  8.436
          8.868	  8.652
          8.872	  8.772
          8.876	  8.540
          8.880	  8.356
          8.884	  8.508
          8.888	  8.696
          8.892	  8.536
          8.896	  8.332
          8.900	  8.460
          8.904	  8.684
          8.908	  8.576
          8.912	  8.336
          8.916	  8.388
          8.920	  8.632
          8.924	  8.608
          8.928	  8.356
          8.932	  8.348
          8.936	  8.596
          8.940	  8.676
          8.944	  8.416
          8.948	  8.296
          8.952	  8.544
          8.956	  8.660
          8.960	  8.444
          8.964	  8.308
          8.968	  8.536
          8.972	  8.696
          8.976	  8.468
          8.980	  8.308
          8.984	  8.484
          8.988	  8.656
          8.992	  8.532
          8.996	  8.316
          9.000	  8.476
          9.004	  8.680
          9.008	  8.580
          9.012	  8.360
          9.016	  8.444
          9.020	  8.656
          9.024	  8.636
          9.028	  8.372
          9.032	  8.412
          9.036	  8.616
          9.040	  8.684
          9.044	  8.464
          9.048	  8.376
          9.052	  8.596
          9.056	  8.712
          9.060	  8.484
          9.064	  8.328
          9.068	  8.564
          9.072	  8.704
          9.076	  8.512
          9.080	  8.364
          9.084	  8.548
          9.088	  8.724
          9.092	  8.540
          9.096	  8.352
          9.100	  8.480
          9.104	  8.680
          9.108	  8.592
          9.112	  8.388
          9.116	  8.448
          9.120	  8.680
          9.124	  8.632
          9.128	  8.380
          9.132	  8.396
          9.136	  8.628
          9.140	  8.700
          9.144	  8.440
          9.148	  8.356
          9.152	  8.568
          9.156	  8.684
          9.160	  8.464
          9.164	  8.340
          9.168	  8.556
          9.172	  8.704
          9.176	  8.508
          9.180	  8.352
          9.184	  8.544
          9.188	  8.716
          9.192	  8.572
          9.196	  8.356
          9.200	  8.464
          9.204	  8.688
          9.208	  8.592
          9.212	  8.392
          9.216	  8.444
          9.220	  8.652
          9.224	  8.636
          9.228	  8.400
          9.232	  8.396
          9.236	  8.624
          9.240	  8.684
          9.244	  8.444
          9.248	  8.376
          9.252	  8.600
          9.256	  8.704
          9.260	  8.488
          9.264	  8.308
          9.268	  8.552
          9.272	  8.748
          9.276	  8.524
          9.280	  8.344
          9.284	  8.524
          9.288	  8.716
          9.292	  8.576
          9.296	  8.364
          9.300	  8.492
          9.304	  8.708
          9.308	  8.588
          9.312	  8.392
          9.316	  8.488
          9.320	  8.744
          9.324	  8.736
          9.328	  8.512
          9.332	  8.492
          9.336	  8.728
          9.340	  8.808
          9.344	  8.580
          9.348	  8.492
          9.352	  8.736
          9.356	  8.848
          9.360	  8.628
          9.364	  8.504
          9.368	  8.704
          9.372	  8.832
          9.376	  8.640
          9.380	  8.452
          9.384	  8.668
          9.388	  8.852
          9.392	  8.676
          9.396	  8.420
          9.400	  8.532
          9.404	  8.708
          9.408	  8.600
          9.412	  8.360
          9.416	  8.412
          9.420	  8.656
          9.424	  8.616
          9.428	  8.392
          9.432	  8.360
          9.436	  8.592
          9.440	  8.652
          9.444	  8.424
          9.448	  8.352
          9.452	  8.576
          9.456	  8.684
          9.460	  8.456
          9.464	  8.304
          9.468	  8.512
          9.472	  8.696
          9.476	  8.476
          9.480	  8.340
          9.484	  8.500
          9.488	  8.656
          9.492	  8.400
          9.496	  8.152
          9.500	  8.404
          9.504	  8.808
          9.508	  9.132
          9.512	  9.424
          9.516	 10.024
          9.520	 10.580
          9.524	 10.144
          9.528	  9.232
          9.532	  8.924
          9.536	  9.108
          9.540	  9.068
          9.544	  8.732
          9.548	  8.544
          9.552	  8.684
          9.556	  8.792
          9.560	  8.564
          9.564	  8.436
          9.568	  8.612
          9.572	  8.764
          9.576	  8.580
          9.580	  8.344
          9.584	  8.524
          9.588	  8.760
          9.592	  8.592
          9.596	  8.384
          9.600	  8.496
          9.604	  8.712
          9.608	  8.612
          9.612	  8.380
          9.616	  8.448
          9.620	  8.668
          9.624	  8.676
          9.628	  8.440
          9.632	  8.416
          9.636	  8.616
          9.640	  8.712
          9.644	  8.456
          9.648	  8.384
          9.652	  8.604
          9.656	  8.748
          9.660	  8.516
          9.664	  8.344
          9.668	  8.556
          9.672	  8.768
          9.676	  8.548
          9.680	  8.368
          9.684	  8.548
          9.688	  8.744
          9.692	  8.616
          9.696	  8.396
          9.700	  8.488
          9.704	  8.736
          9.708	  8.632
          9.712	  8.436
          9.716	  8.452
          9.720	  8.708
          9.724	  8.704
          9.728	  8.472
          9.732	  8.476
          9.736	  8.708
          9.740	  8.772
          9.744	  8.544
          9.748	  8.484
          9.752	  8.720
          9.756	  8.828
          9.760	  8.656
          9.764	  8.496
          9.768	  8.748
          9.772	  8.912
          9.776	  8.748
          9.780	  8.540
          9.784	  8.756
          9.788	  8.960
          9.792	  8.844
          9.796	  8.676
          9.800	  8.828
          9.804	  9.060
          9.808	  8.984
          9.812	  8.728
          9.816	  8.808
          9.820	  9.032
          9.824	  9.040
          9.828	  8.780
          9.832	  8.748
          9.836	  8.956
          9.840	  9.016
          9.844	  8.744
          9.848	  8.616
          9.852	  8.828
          9.856	  8.912
          9.860	  8.664
          9.864	  8.472
          9.868	  8.668
          9.872	  8.860
          9.876	  8.624
          9.880	  8.424
          9.884	  8.576
          9.888	  8.748
          9.892	  8.616
          9.896	  8.404
          9.900	  8.500
          9.904	  8.720
          9.908	  8.664
          9.912	  8.424
          9.916	  8.452
          9.920	  8.684
          9.924	  8.680
          9.928	  8.408
          9.932	  8.408
          9.936	  8.640
          9.940	  8.732
          9.944	  8.492
          9.948	  8.392
          9.952	  8.600
          9.956	  8.736
          9.960	  8.524
          9.964	  8.360
          9.968	  8.576
          9.972	  8.768
          9.976	  8.564
          9.980	  8.380
          9.984	  8.524
          9.988	  8.748
          9.992	  8.600
          9.996	  8.396